-0.982817 -1.28645 0
-0.592049 -1.30509 0
-0.2019 -1.30362 0
0.191806 -1.30305 0
0.593674 -1.30298 0
0.998435 -1.30022 0
1.40318 -1.30835 0
1.78619 -1.29807 0
2.21179 -1.30336 0
2.61055 -1.30375 0
2.98378 -1.2989 0
3.446 -1.2901 0
-1.10247 -0.969869 0
3.57079 -1.02733 0
-1.09703 -0.579606 0
3.57075 -0.599616 0
-1.1014 -0.188386 0
3.57024 -0.187724 0
-1.10277 0.189192 0
3.57584 0.0939154 0
-1.10283 0.582874 0
-1.10224 0.988126 0
13.5031 0.946384 0
-1.09929 1.3982 0
13.4979 1.42203 0
-1.10401 1.78635 0
3.55522 1.93554 0
3.66917 1.87395 0
8.76687 1.94814 0
13.5078 1.78243 0
-1.10293 2.1932 0
3.57041 2.19578 0
8.7518 2.18748 0
13.4993 2.14324 0
-1.10332 2.63399 0
3.56993 2.60311 0
8.75973 2.60162 0
13.5078 2.63195 0
-0.997075 3.12015 0
-0.601257 3.16939 0
-0.206387 3.17653 0
0.183631 3.17376 0
0.463888 3.17421 0
2.29046 3.16624 0
2.55905 3.17123 0
2.96026 3.18419 0
3.46643 3.07623 0
7.26978 3.16907 0
7.65823 3.18017 0
8.05598 3.18129 0
8.66339 3.07421 0
2.25524 3.29694 0
7.20733 3.29305 0
8.76677 4.19245 0
3.65969 6.77978 0
3.58035 6.91969 0
3.57454 7.37916 0
3.57731 7.90416 0
2.29126 8.35804 0
2.61338 8.37083 0
3.01821 8.36415 0
3.42768 8.33801 0
4.69669 8.34814 0
4.99293 8.35311 0
5.29539 8.35416 0
2.54407 13.3097 0
3.02947 13.3065 0
3.40079 13.3145 0
8.76215 13.303 0

